N=100;
nK1=39;
nK2=36;
nK3=25;
K1=[1 	3 	8 	10 	11 	15 	16 	20 	22 	26 	28 	30 	33 	37 	38 	39 	40 	44 	50 	52 	56 	57 	59 	64 	66 	68 	70 	72 	74 	77 	78 	80 	82 	85 	90 	91 	95 	96 	100 	];
K2=[2 	4 	6 	9 	12 	13 	17 	19 	21 	25 	27 	29 	31 	35 	41 	43 	45 	49 	51 	55 	58 	60 	61 	62 	63 	65 	73 	76 	79 	81 	84 	86 	88 	92 	98 	99 	];
K3=[5 	7 	14 	18 	23 	24 	32 	34 	36 	42 	46 	47 	48 	53 	54 	67 	69 	71 	75 	83 	87 	89 	93 	94 	97 	];
DG=[4.810000e+01	39	4.030000e+01	5.590000e+01	2.860000e+01	4.550000e+01	3.510000e+01	6.370000e+01	3.120000e+01	65	4.160000e+01	3.120000e+01	4.420000e+01	3.380000e+01	4.160000e+01	2.730000e+01	6.370000e+01	4.680000e+01	4.550000e+01	52	5.330000e+01	4.420000e+01	5.850000e+01	4.810000e+01	4.550000e+01	4.420000e+01	2.860000e+01	4.940000e+01	5.070000e+01	39	5.330000e+01	4.680000e+01	3.640000e+01	2.860000e+01	5.720000e+01	2.990000e+01	2.990000e+01	5.720000e+01	52	2.730000e+01	3.250000e+01	5.720000e+01	5.720000e+01	4.680000e+01	4.810000e+01	4.160000e+01	3.770000e+01	5.590000e+01	4.290000e+01	3.380000e+01	5.460000e+01	4.160000e+01	5.850000e+01	3.380000e+01	4.940000e+01	4.810000e+01	5.720000e+01	2.860000e+01	4.030000e+01	5.720000e+01	39	3.770000e+01	4.810000e+01	6.110000e+01	5.330000e+01	2.990000e+01	4.030000e+01	3.770000e+01	5.980000e+01	3.380000e+01	52	3.250000e+01	6.240000e+01	4.420000e+01	4.810000e+01	6.370000e+01	4.290000e+01	4.290000e+01	6.110000e+01	2.990000e+01	65	5.980000e+01	3.120000e+01	4.030000e+01	6.370000e+01	39	4.030000e+01	52	4.030000e+01	4.030000e+01	6.370000e+01	5.850000e+01	4.940000e+01	26	3.510000e+01	5.330000e+01	3.120000e+01	4.030000e+01	4.030000e+01	5.460000e+01	];
LOAD=[37	30	31	43	22	35	27	49	24	50	32	24	34	26	32	21	49	36	35	40	41	34	45	37	35	34	22	38	39	30	41	36	28	22	44	23	23	44	40	21	25	44	44	36	37	32	29	43	33	26	42	32	45	26	38	37	44	22	31	44	30	29	37	47	41	23	31	29	46	26	40	25	48	34	37	49	33	33	47	23	50	46	24	31	49	30	31	40	31	31	49	45	38	20	27	41	24	31	31	42	];
DIST=[[0.000	8.742	4.304	4.514	7.403	0.846	8.025	7.336	0.664	2.623	1.597	3.799	9.052	6.194	2.703	2.022	5.576	5.208	2.842	6.497	7.131	4.778	3.018	2.488	2.126	7.933	6.653	3.132	5.650	5.938	4.621	3.579	4.379	7.805	1.310	2.177	8.329	7.653	4.090	8.276	4.364	5.104	6.560	4.084	1.398	0.438	0.415	8.576	7.544	5.212	3.746	7.857	5.608	2.658	6.107	5.584	6.073	4.956	7.968	7.929	3.111	3.584	4.569	3.800	2.307	4.141	5.541	1.426	2.026	7.660	3.019	8.819	5.381	4.780	6.659	1.481	3.460	7.505	4.465	7.638	7.343	3.389	2.233	4.629	4.850	0.620	8.616	6.661	8.233	5.522	8.379	8.239	6.076	6.649	1.526	1.050	5.454	2.906	6.827	8.069	]
[8.742	0.000	7.685	8.652	4.222	8.369	0.751	6.864	8.152	7.405	7.491	9.800	3.737	4.825	6.243	8.842	7.141	4.006	6.664	7.855	3.743	10.003	5.900	8.847	8.491	3.022	4.841	6.155	3.137	3.701	5.200	7.814	10.054	0.939	7.900	9.275	3.692	1.544	7.311	0.629	11.232	5.898	5.906	9.840	9.143	8.392	9.045	1.155	2.576	6.675	5.710	1.619	3.749	7.083	5.024	4.442	2.678	4.167	4.575	1.215	5.897	7.963	5.735	8.326	10.320	8.339	3.388	9.698	6.830	5.172	8.536	0.084	8.527	7.214	3.706	9.253	10.410	6.294	4.968	1.927	2.899	5.653	9.373	4.113	7.441	9.146	4.217	3.644	3.783	4.431	2.960	1.293	4.742	5.572	7.520	9.791	3.429	9.660	5.438	4.870	]
[4.304	7.685	0.000	8.159	4.439	3.458	7.185	9.752	4.329	5.855	2.961	2.349	9.727	3.216	4.680	6.111	8.410	6.001	5.468	9.482	8.083	8.815	4.692	2.228	6.049	5.498	8.220	5.302	5.524	3.992	2.525	6.993	8.488	6.913	3.057	6.383	9.128	7.328	7.188	7.070	8.661	7.339	8.674	8.182	5.660	4.384	4.701	6.973	5.461	7.866	5.680	6.224	6.347	1.936	3.030	3.265	5.642	3.691	9.244	6.522	4.893	7.072	1.957	0.842	6.591	0.689	4.485	5.713	3.195	9.264	6.844	7.736	8.831	0.669	4.232	5.758	7.739	9.643	2.873	5.914	5.141	5.030	2.892	4.590	7.924	4.109	9.606	7.551	9.091	6.810	5.910	7.851	7.611	8.588	3.039	4.867	5.648	7.116	8.680	9.464	]
[4.514	8.652	8.159	0.000	9.479	5.149	7.924	3.717	4.097	2.310	5.254	8.270	7.033	8.622	3.705	2.575	1.989	4.737	2.852	2.379	5.396	1.374	3.873	6.886	2.392	9.397	4.362	3.239	5.874	7.654	7.138	1.195	1.569	7.827	5.299	2.662	6.360	7.145	1.381	8.467	3.030	2.805	3.585	1.489	3.352	4.176	4.335	9.077	8.792	2.153	3.298	8.589	4.922	6.224	8.638	7.749	6.363	6.649	5.554	8.421	3.710	1.094	7.446	7.931	3.669	8.244	6.707	3.873	4.974	4.945	1.502	8.736	0.938	8.405	8.490	3.347	2.626	4.181	6.735	8.524	8.759	3.764	6.737	5.482	1.312	5.090	6.351	5.207	6.224	4.227	9.766	7.601	4.117	3.871	5.182	4.939	5.471	2.276	4.092	5.485	]
[7.403	4.222	4.439	9.479	0.000	6.705	4.083	9.318	7.043	7.432	5.818	6.786	7.487	1.278	5.925	8.460	8.740	5.225	6.717	9.741	6.550	10.598	5.675	6.333	8.215	1.276	7.277	6.264	4.081	1.832	2.781	8.337	10.451	3.852	6.169	8.863	7.147	4.721	8.146	3.625	11.186	7.374	8.168	10.166	8.388	7.228	7.804	3.164	1.656	8.155	6.201	2.614	5.318	4.891	1.434	1.850	3.769	2.837	7.720	3.049	5.809	8.472	2.933	5.254	9.565	5.122	2.874	8.738	5.436	8.076	8.685	4.235	9.774	3.803	1.015	8.507	10.242	8.931	2.989	2.329	1.362	5.721	6.989	4.037	8.642	7.539	7.708	6.138	7.179	6.114	1.581	5.009	6.839	7.923	5.883	8.323	4.468	9.485	7.899	8.011	]
[0.846	8.369	3.458	5.149	6.705	0.000	7.676	7.679	1.052	3.054	0.919	3.125	9.025	5.470	2.690	2.774	5.994	5.091	3.070	6.974	7.123	5.538	2.950	1.741	2.808	7.318	6.773	3.235	5.356	5.340	3.934	4.118	5.160	7.441	0.537	2.981	8.315	7.393	4.544	7.867	5.207	5.345	6.812	4.861	2.222	1.002	1.248	8.105	6.974	5.570	3.830	7.366	5.498	1.867	5.369	4.920	5.739	4.413	8.052	7.478	3.088	4.148	3.819	2.970	3.145	3.309	5.067	2.264	1.540	7.813	3.687	8.443	5.970	3.939	6.017	2.313	4.297	7.782	3.834	7.127	6.750	3.355	1.653	4.291	5.319	0.839	8.649	6.625	8.230	5.537	7.767	7.980	6.172	6.859	0.871	1.618	5.217	3.715	7.021	8.182	]
[8.025	0.751	7.185	7.924	4.083	7.676	0.000	6.288	7.427	6.654	6.810	9.231	3.500	4.496	5.502	8.093	6.456	3.258	5.914	7.208	3.169	9.269	5.158	8.226	7.740	3.000	4.226	5.405	2.397	3.253	4.669	7.070	9.313	0.272	7.217	8.525	3.316	0.919	6.575	0.670	10.484	5.187	5.284	9.096	8.400	7.669	8.321	1.427	2.438	5.974	4.960	1.520	3.010	6.456	4.688	3.999	1.952	3.576	4.115	1.082	5.152	7.220	5.227	7.786	9.574	7.821	2.776	8.959	6.137	4.660	7.787	0.835	7.824	6.752	3.413	8.509	9.660	5.744	4.395	1.764	2.722	4.905	8.732	3.399	6.727	8.443	3.868	3.002	3.386	3.714	3.051	0.949	4.073	4.958	6.835	9.075	2.680	8.909	4.840	4.415	]
[7.336	6.864	9.752	3.717	9.318	7.679	6.288	0.000	6.732	4.716	7.362	10.649	3.977	8.913	5.204	5.839	1.845	4.153	4.618	1.499	3.124	4.868	5.104	9.237	5.519	8.743	2.099	4.572	5.239	7.597	7.852	3.950	5.213	6.320	7.590	6.089	3.497	5.371	3.308	6.950	6.703	2.427	1.159	5.191	6.584	6.911	7.322	7.691	8.078	2.125	4.095	7.493	4.004	7.967	9.011	8.025	5.568	6.887	2.507	7.164	4.908	4.016	8.358	9.834	7.230	10.077	6.506	7.204	6.789	1.805	4.826	6.937	2.936	9.749	8.321	6.624	6.338	0.646	7.384	7.570	8.191	4.735	9.323	5.573	2.646	7.956	3.230	3.332	3.363	3.235	8.984	5.589	2.478	1.400	7.316	8.079	4.864	5.902	1.464	2.292	]
[0.664	8.152	4.329	4.097	7.043	1.052	7.427	6.732	0.000	2.044	1.404	4.177	8.389	5.875	2.046	1.786	5.002	4.556	2.192	5.956	6.467	4.531	2.368	2.791	1.774	7.490	5.995	2.468	5.040	5.493	4.276	3.075	4.175	7.213	1.281	2.061	7.665	7.027	3.531	7.702	4.386	4.465	5.926	3.871	1.396	0.245	0.894	8.033	7.068	4.610	3.082	7.327	4.954	2.515	5.806	5.202	5.476	4.480	7.307	7.377	2.453	3.100	4.302	3.939	2.526	4.271	5.014	1.698	1.607	7.007	2.641	8.230	4.920	4.731	6.247	1.509	3.444	6.879	4.065	7.121	6.885	2.731	2.675	4.043	4.302	1.254	7.952	5.998	7.569	4.858	7.932	7.611	5.415	6.005	1.324	1.677	4.827	2.789	6.180	7.411	]
[2.623	7.405	5.855	2.310	7.432	3.054	6.654	4.716	2.044	0.000	2.991	6.153	6.833	6.467	1.509	1.496	2.960	3.432	0.764	3.920	4.937	3.195	1.767	4.738	1.122	7.536	4.244	1.279	4.326	5.653	4.924	1.139	3.019	6.494	3.095	1.909	6.103	6.045	1.491	7.081	3.900	2.578	3.992	2.735	2.047	2.204	2.615	7.575	6.987	2.592	1.707	6.974	3.761	3.919	6.462	5.630	4.823	4.606	5.582	6.900	1.662	1.218	5.183	5.665	3.054	5.968	4.836	2.691	2.665	5.182	1.258	7.488	2.999	6.095	6.486	2.124	3.024	4.910	4.553	6.845	6.894	1.832	4.704	3.629	2.265	3.243	6.298	4.549	5.989	3.377	7.941	6.591	3.731	4.120	2.925	3.396	3.986	2.261	4.315	5.638	]
[1.597	7.491	2.961	5.254	5.818	0.919	6.810	7.362	1.404	2.991	0.000	3.288	8.349	4.599	2.181	3.162	5.791	4.386	2.778	6.824	6.476	5.854	2.366	1.884	3.088	6.403	6.242	2.798	4.529	4.422	3.038	4.124	5.528	6.569	0.409	3.461	7.653	6.570	4.426	6.977	5.789	4.958	6.409	5.223	2.791	1.514	2.008	7.197	6.055	5.308	3.340	6.454	4.792	1.111	4.510	4.015	4.887	3.496	7.474	6.575	2.538	4.186	2.972	2.678	3.862	2.990	4.163	2.993	0.710	7.300	3.892	7.564	5.990	3.332	5.107	2.900	4.848	7.392	2.919	6.213	5.832	2.777	2.112	3.450	5.194	1.754	8.022	5.961	7.577	4.931	6.852	7.156	5.626	6.414	0.080	2.517	4.425	4.185	6.556	7.628	]
[3.799	9.800	2.349	8.270	6.786	3.125	9.231	10.649	4.177	6.153	3.288	0.000	11.373	5.551	5.462	5.821	9.048	7.446	6.049	10.058	9.576	8.569	5.618	1.420	5.907	7.817	9.468	6.084	7.273	6.177	4.613	7.239	8.155	8.965	3.078	5.947	10.713	9.233	7.634	9.204	7.918	8.245	9.691	7.867	5.153	4.098	4.076	9.191	7.730	8.583	6.613	8.429	7.837	2.931	5.369	5.492	7.500	5.656	10.647	8.688	5.800	7.272	4.126	1.540	5.719	1.675	6.459	4.936	3.900	10.530	6.796	9.858	9.095	3.002	6.524	5.215	7.104	10.675	4.838	8.130	7.422	6.021	1.587	6.223	8.409	3.308	11.132	9.047	10.653	8.109	8.238	9.792	8.848	9.684	3.333	3.829	7.293	6.655	9.818	10.824	]
[9.052	3.737	9.727	7.033	7.487	9.025	3.500	3.977	8.389	6.833	8.349	11.373	0.000	7.643	6.367	8.299	5.095	3.965	6.301	5.357	1.923	8.374	6.080	10.118	7.924	6.488	2.697	5.931	4.204	6.259	7.281	6.667	8.598	3.683	8.709	8.675	0.730	2.767	5.996	4.116	10.019	4.403	3.497	8.479	8.871	8.624	9.214	4.841	5.891	4.890	5.320	5.013	3.561	8.442	7.810	6.939	4.152	6.094	1.518	4.580	5.959	6.795	7.874	10.133	9.857	10.264	5.367	9.511	7.643	2.210	7.574	3.782	6.529	9.455	6.678	8.954	9.412	3.331	6.875	5.231	6.139	5.684	10.457	5.176	5.725	9.610	0.748	2.401	0.845	3.534	6.550	2.554	3.113	3.180	8.340	10.031	4.101	8.782	2.963	1.688	]
[6.194	4.825	3.216	8.622	1.278	5.470	4.496	8.913	5.875	6.467	4.599	5.551	7.643	0.000	4.964	7.378	8.107	4.760	5.794	9.151	6.416	9.661	4.755	5.055	7.160	2.290	6.970	5.383	3.756	1.401	1.605	7.448	9.475	4.234	4.936	7.767	7.196	4.932	7.339	4.197	10.113	6.777	7.754	9.182	7.245	6.047	6.601	3.930	2.351	7.516	5.422	3.235	4.945	3.634	0.204	0.904	3.589	2.063	7.621	3.611	4.913	7.574	1.666	4.012	8.401	3.905	2.444	7.557	4.275	7.874	7.702	4.858	9.011	2.610	1.126	7.362	9.162	8.600	1.917	2.918	2.015	4.872	5.712	3.383	7.908	6.298	7.742	5.944	7.203	5.678	2.695	5.338	6.461	7.551	4.669	7.088	4.082	8.417	7.561	7.896	]
[2.703	6.243	4.680	3.705	5.925	2.690	5.502	5.204	2.046	1.509	2.181	5.462	6.367	4.964	0.000	2.685	3.736	2.511	0.853	4.804	4.452	4.698	0.344	4.065	2.376	6.071	4.093	0.636	3.107	4.158	3.440	2.512	4.527	5.309	2.463	3.117	5.648	5.028	2.549	5.848	5.329	2.786	4.229	4.241	2.900	2.289	2.916	6.269	5.547	3.207	1.161	5.620	2.908	2.799	4.964	4.121	3.578	3.106	5.363	5.596	0.409	2.629	3.744	4.657	4.088	4.920	3.396	3.460	1.586	5.141	2.760	6.325	4.234	4.814	4.987	3.011	4.411	5.213	3.054	5.462	5.433	0.686	4.243	2.239	3.257	3.245	5.965	3.968	5.558	2.853	6.487	5.605	3.486	4.233	2.145	3.719	2.842	3.639	4.379	5.496	]
[2.022	8.842	6.111	2.575	8.460	2.774	8.093	5.839	1.786	1.496	3.162	5.821	8.299	7.378	2.685	0.000	3.998	4.905	2.186	4.769	6.417	2.766	3.012	4.495	0.376	8.722	5.669	2.688	5.728	6.766	5.778	1.890	2.392	7.920	3.067	0.434	7.572	7.518	2.547	8.488	2.734	3.961	5.288	2.090	0.782	1.774	1.783	8.940	8.218	3.785	3.186	8.302	5.247	4.258	7.337	6.614	6.216	5.712	7.003	8.266	2.972	1.834	5.906	5.719	1.562	6.053	6.073	1.367	3.172	6.553	1.088	8.925	3.490	6.491	7.575	0.796	1.785	6.136	5.483	8.147	8.089	3.197	4.250	4.922	3.206	2.553	7.741	6.040	7.454	4.870	9.145	8.071	5.188	5.462	3.082	2.367	5.413	1.048	5.669	7.035	]
[5.576	7.141	8.410	1.989	8.740	5.994	6.456	1.845	5.002	2.960	5.791	9.048	5.095	8.107	3.736	3.998	0.000	3.572	3.014	1.079	3.602	3.287	3.727	7.628	3.685	8.408	2.495	3.109	4.770	6.924	6.825	2.109	3.551	6.410	5.970	4.243	4.451	5.598	1.493	7.062	5.019	1.375	1.609	3.476	4.750	5.163	5.529	7.742	7.760	0.591	2.788	7.372	3.611	6.533	8.170	7.204	5.208	6.045	3.595	7.127	3.527	2.171	7.260	8.381	5.388	8.652	5.867	5.365	5.295	2.965	2.982	7.222	1.454	8.504	7.725	4.787	4.558	2.222	6.371	7.371	7.797	3.429	7.647	4.738	0.801	6.195	4.394	3.527	4.312	2.804	8.722	5.979	2.409	1.916	5.736	6.267	4.355	4.077	2.133	3.507	]
[5.208	4.006	6.001	4.737	5.225	5.091	3.258	4.153	4.556	3.432	4.386	7.446	3.965	4.760	2.511	4.905	3.572	0.000	2.722	4.531	2.131	6.053	2.190	6.162	4.541	4.836	2.278	2.240	1.198	3.456	3.798	3.820	6.070	3.126	4.751	5.331	3.279	2.614	3.364	3.751	7.227	2.199	2.994	5.846	5.303	4.799	5.427	4.340	4.190	3.007	1.725	3.868	0.407	4.523	4.861	3.875	1.654	2.750	3.248	3.684	2.110	3.969	4.349	6.293	6.432	6.464	2.368	5.905	3.679	3.285	4.532	4.090	4.777	5.857	4.213	5.405	6.412	3.858	3.335	3.831	4.226	1.834	6.492	1.475	3.637	5.728	3.686	1.600	3.211	0.919	5.155	3.166	1.717	2.798	4.379	6.231	0.783	5.669	2.826	3.463	]
[2.842	6.664	5.468	2.852	6.717	3.070	5.914	4.618	2.192	0.764	2.778	6.049	6.301	5.794	0.853	2.186	3.014	2.722	0.000	4.059	4.383	3.882	1.044	4.631	1.827	6.785	3.817	0.516	3.570	4.922	4.287	1.662	3.744	5.747	2.977	2.615	5.571	5.333	1.722	6.328	4.664	2.281	3.748	3.469	2.610	2.404	2.941	6.814	6.230	2.534	1.019	6.210	3.073	3.554	5.801	4.938	4.065	3.883	5.142	6.139	0.914	1.782	4.597	5.380	3.712	5.661	4.080	3.235	2.298	4.818	2.006	6.748	3.393	5.638	5.758	2.705	3.784	4.713	3.892	6.081	6.143	1.069	4.707	2.868	2.459	3.446	5.816	3.956	5.465	2.783	7.187	5.888	3.254	3.815	2.725	3.755	3.239	3.018	3.989	5.232	]
[6.497	7.855	9.482	2.379	9.741	6.974	7.208	1.499	5.956	3.920	6.824	10.058	5.357	9.151	4.804	4.769	1.079	4.531	4.059	0.000	4.166	3.409	4.804	8.639	4.497	9.346	3.034	4.181	5.718	7.939	7.895	2.932	3.784	7.192	6.983	4.948	4.798	6.316	2.429	7.841	5.270	2.377	1.980	3.796	5.546	6.099	6.410	8.549	8.690	1.656	3.866	8.238	4.515	7.596	9.219	8.248	6.129	7.088	3.844	7.962	4.604	2.952	8.335	9.436	6.024	9.713	6.869	6.127	6.351	3.147	3.695	7.933	1.503	9.581	8.726	5.565	4.991	2.097	7.438	8.262	8.749	4.508	8.624	5.772	1.655	7.110	4.616	4.212	4.659	3.695	9.640	6.632	3.144	2.325	6.766	7.108	5.308	4.646	2.501	3.677	]
[7.131	3.743	8.083	5.396	6.550	7.123	3.169	3.124	6.467	4.937	6.476	9.576	1.923	6.416	4.452	6.417	3.602	2.131	4.383	4.166	0.000	6.767	4.173	8.282	6.041	5.794	1.134	4.008	2.694	5.020	5.753	4.871	6.932	3.216	6.825	6.805	1.198	2.250	4.228	3.834	8.296	2.629	2.189	6.780	6.966	6.702	7.291	4.582	5.136	3.256	3.398	4.448	1.750	6.654	6.555	5.606	2.833	4.604	1.209	4.088	4.045	5.007	6.333	8.412	7.979	8.572	3.990	7.603	5.777	1.547	5.753	3.817	5.051	7.887	5.613	7.051	7.626	2.577	5.311	4.565	5.302	3.772	8.588	3.495	4.092	7.692	1.556	0.534	1.107	1.611	5.983	2.482	1.292	1.847	6.463	8.108	2.464	6.962	1.699	1.481	]
[4.778	10.003	8.815	1.374	10.598	5.538	9.269	4.868	4.531	3.195	5.854	8.569	8.374	9.661	4.698	2.766	3.287	6.053	3.882	3.409	6.767	0.000	4.926	7.260	2.769	10.609	5.720	4.341	7.158	8.795	8.118	2.292	0.490	9.164	5.807	2.629	7.712	8.505	2.695	9.798	1.881	4.178	4.896	0.718	3.422	4.537	4.497	10.390	10.023	3.516	4.515	9.875	6.260	6.912	9.657	8.816	7.654	7.762	6.881	9.728	4.790	2.148	8.358	8.469	3.259	8.800	7.902	3.761	5.723	6.249	2.001	10.087	1.933	9.144	9.632	3.370	1.868	5.397	7.748	9.793	9.967	4.895	6.988	6.673	2.676	5.270	7.680	6.580	7.575	5.588	10.993	8.968	5.490	5.198	5.776	4.914	6.764	1.962	5.418	6.793	]
[3.018	5.900	4.692	3.873	5.675	2.950	5.158	5.104	2.368	1.767	2.366	5.618	6.080	4.755	0.344	3.012	3.727	2.190	1.044	4.804	4.173	4.926	0.000	4.240	2.694	5.776	3.876	0.654	2.763	3.887	3.271	2.693	4.780	4.965	2.680	3.445	5.367	4.687	2.647	5.506	5.630	2.677	4.088	4.499	3.244	2.611	3.245	5.933	5.240	3.175	1.011	5.290	2.591	2.863	4.767	3.895	3.236	2.843	5.121	5.260	0.201	2.819	3.619	4.730	4.430	4.978	3.087	3.804	1.717	4.933	3.024	5.981	4.339	4.779	4.721	3.355	4.721	5.073	2.862	5.138	5.136	0.412	4.461	1.910	3.313	3.545	5.700	3.679	5.280	2.590	6.186	5.266	3.261	4.067	2.340	4.044	2.499	3.949	4.200	5.267	]
[2.488	8.847	2.228	6.886	6.333	1.741	8.226	9.237	2.791	4.738	1.884	1.420	10.118	5.055	4.065	4.495	7.628	6.162	4.631	8.639	8.282	7.260	4.240	0.000	4.548	7.205	8.109	4.681	6.116	5.381	3.806	5.833	6.867	7.968	1.658	4.665	9.440	8.128	6.216	8.279	6.774	6.841	8.293	6.571	3.880	2.736	2.818	8.362	7.009	7.165	5.223	7.598	6.561	1.771	4.903	4.777	6.398	4.685	9.318	7.803	4.416	5.871	3.443	1.489	4.608	1.821	5.461	3.765	2.532	9.170	5.428	8.912	7.694	2.859	5.875	3.956	5.908	9.276	3.916	7.317	6.728	4.648	0.675	5.040	6.991	2.096	9.836	7.758	9.373	6.774	7.646	8.702	7.491	8.297	1.924	2.766	6.087	5.391	8.437	9.483	]
[2.126	8.491	6.049	2.392	8.215	2.808	7.740	5.519	1.774	1.122	3.088	5.907	7.924	7.160	2.376	0.376	3.685	4.541	1.827	4.497	6.041	2.769	2.694	4.548	0.000	8.437	5.299	2.335	5.384	6.496	5.568	1.581	2.445	7.571	3.041	0.790	7.197	7.155	2.214	8.145	2.974	3.594	4.936	2.139	1.066	1.813	1.950	8.609	7.922	3.445	2.819	7.980	4.879	4.160	7.128	6.376	5.875	5.441	6.634	7.934	2.640	1.545	5.729	5.705	1.938	6.034	5.772	1.691	3.016	6.191	0.894	8.574	3.278	6.396	7.313	1.108	2.040	5.798	5.253	7.832	7.801	2.856	4.356	4.604	2.902	2.699	7.369	5.664	7.080	4.495	8.857	7.705	4.814	5.103	3.009	2.611	5.063	1.273	5.309	6.669	]
[7.933	3.022	5.498	9.397	1.276	7.318	3.000	8.743	7.490	7.536	6.403	7.817	6.488	2.290	6.071	8.722	8.408	4.836	6.785	9.346	5.794	10.609	5.776	7.205	8.437	0.000	6.654	6.292	3.638	1.998	3.439	8.318	10.519	2.805	6.786	9.144	6.229	3.756	8.026	2.460	11.400	7.034	7.623	10.250	8.763	7.699	8.314	1.916	0.665	7.841	6.105	1.481	4.833	5.612	2.486	2.441	3.218	3.026	6.906	1.922	5.874	8.461	3.765	6.277	9.965	6.187	2.709	9.183	5.912	7.341	8.790	3.025	9.571	4.899	1.331	8.882	10.477	8.293	3.485	1.262	0.642	5.730	7.835	3.936	8.427	8.157	6.791	5.448	6.279	5.653	0.449	3.949	6.296	7.345	6.459	8.916	4.053	9.707	7.288	7.205	]
[6.653	4.841	8.220	4.362	7.277	6.773	4.226	2.099	5.995	4.244	6.242	9.468	2.697	6.970	4.093	5.669	2.495	2.278	3.817	3.034	1.134	5.720	3.876	8.109	5.299	6.654	0.000	3.546	3.229	5.612	6.075	3.977	5.919	4.240	6.550	6.027	2.002	3.316	3.300	4.878	7.326	1.721	1.065	5.790	6.290	6.216	6.756	5.611	5.989	2.209	2.944	5.395	2.029	6.607	7.087	6.107	3.510	5.011	1.338	5.070	3.711	4.102	6.624	8.440	7.214	8.639	4.531	6.935	5.578	1.063	4.891	4.917	3.949	8.114	6.295	6.363	6.716	1.653	5.612	5.472	6.113	3.465	8.332	3.752	3.050	7.246	2.078	1.238	1.869	1.410	6.887	3.601	0.621	0.733	6.216	7.568	2.889	6.096	0.635	1.416	]
[3.132	6.155	5.302	3.239	6.264	3.235	5.405	4.572	2.468	1.279	2.798	6.084	5.931	5.383	0.636	2.688	3.109	2.240	0.516	4.181	4.008	4.341	0.654	4.681	2.335	6.292	3.546	0.000	3.055	4.455	3.919	2.075	4.228	5.236	3.057	3.120	5.205	4.841	1.993	5.814	5.178	2.161	3.614	3.958	3.065	2.699	3.283	6.298	5.729	2.573	0.614	5.695	2.605	3.433	5.401	4.511	3.549	3.427	4.845	5.622	0.473	2.208	4.273	5.292	4.196	5.554	3.584	3.674	2.221	4.579	2.509	6.238	3.686	5.414	5.292	3.165	4.301	4.596	3.503	5.570	5.649	0.562	4.828	2.365	2.664	3.711	5.484	3.555	5.106	2.398	6.689	5.402	2.954	3.636	2.757	4.100	2.727	3.535	3.791	4.960	]
[5.650	3.137	5.524	5.874	4.081	5.356	2.397	5.239	5.040	4.326	4.529	7.273	4.204	3.756	3.107	5.728	4.770	1.198	3.570	5.718	2.694	7.158	2.763	6.116	5.384	3.638	3.229	3.055	0.000	2.384	3.094	4.886	7.137	2.202	4.929	6.162	3.628	2.041	4.493	2.760	8.208	3.397	4.087	6.896	6.007	5.283	5.934	3.260	2.992	4.205	2.681	2.717	1.238	4.368	3.884	2.920	0.500	1.921	3.903	2.587	2.766	5.035	3.683	5.960	7.188	6.073	1.312	6.562	3.832	4.119	5.513	3.218	5.963	5.259	3.082	6.117	7.349	4.874	2.674	2.654	3.032	2.531	6.552	1.084	4.820	6.093	4.134	2.199	3.604	2.042	3.958	2.627	2.761	3.849	4.544	6.699	0.416	6.587	3.836	4.166	]
[5.938	3.701	3.992	7.654	1.832	5.340	3.253	7.597	5.493	5.653	4.422	6.177	6.259	1.401	4.158	6.766	6.924	3.456	4.922	7.939	5.020	8.795	3.887	5.381	6.496	1.998	5.612	4.455	2.384	0.000	1.582	6.523	8.665	2.982	4.812	7.182	5.799	3.582	6.315	3.081	9.469	5.565	6.439	8.386	6.776	5.701	6.317	3.014	1.648	6.337	4.370	2.252	3.600	3.700	1.555	0.747	2.189	1.055	6.224	2.531	4.009	6.659	2.058	4.668	7.975	4.655	1.090	7.187	3.915	6.491	6.910	3.749	7.941	3.514	0.837	6.895	8.536	7.254	1.517	1.954	1.410	3.905	5.978	2.205	6.811	6.177	6.343	4.555	5.804	4.366	2.442	4.028	5.127	6.218	4.476	6.927	2.736	7.769	6.215	6.501	]
[4.621	5.200	2.525	7.138	2.781	3.934	4.669	7.852	4.276	4.924	3.038	4.613	7.281	1.605	3.440	5.778	6.825	3.798	4.287	7.895	5.753	8.118	3.271	3.806	5.568	3.439	6.075	3.919	3.094	1.582	0.000	5.949	7.911	4.398	3.397	6.164	6.721	4.808	5.908	4.597	8.512	5.562	6.711	7.614	5.641	4.454	5.023	4.590	3.203	6.239	4.057	3.826	4.082	2.174	1.560	1.000	3.147	1.189	6.949	4.075	3.446	6.068	0.593	3.127	6.802	3.152	1.965	5.965	2.673	7.070	6.140	5.255	7.598	2.175	2.112	5.758	7.561	7.628	0.468	3.533	2.929	3.453	4.415	2.323	6.532	4.771	7.226	5.234	6.698	4.690	3.886	5.327	5.503	6.559	3.103	5.550	3.290	6.820	6.609	7.195	]
[3.579	7.814	6.993	1.195	8.337	4.118	7.070	3.950	3.075	1.139	4.124	7.239	6.667	7.448	2.512	1.890	2.109	3.820	1.662	2.932	4.871	2.292	2.693	5.833	1.581	8.318	3.977	2.075	4.886	6.523	5.949	0.000	2.254	6.946	4.207	2.154	5.955	6.356	0.691	7.569	3.461	2.264	3.455	2.026	2.645	3.195	3.478	8.135	7.731	1.927	2.225	7.599	4.067	5.057	7.459	6.583	5.385	5.501	5.280	7.467	2.539	0.150	6.251	6.801	3.325	7.106	5.613	3.256	3.800	4.768	0.925	7.898	1.868	7.221	7.360	2.678	2.755	4.263	5.552	7.509	7.677	2.618	5.750	4.384	1.321	4.186	6.050	4.582	5.828	3.482	8.701	6.857	3.586	3.664	4.056	4.183	4.501	2.120	3.880	5.276	]
[4.379	10.054	8.488	1.569	10.451	5.160	9.313	5.213	4.175	3.019	5.528	8.155	8.598	9.475	4.527	2.392	3.551	6.070	3.744	3.784	6.932	0.490	4.780	6.867	2.445	10.519	5.919	4.228	7.137	8.665	7.911	2.254	0.000	9.195	5.456	2.209	7.920	8.578	2.759	9.820	1.490	4.313	5.152	0.306	3.002	4.163	4.079	10.389	9.948	3.711	4.465	9.847	6.305	6.605	9.461	8.647	7.637	7.622	7.122	9.720	4.659	2.104	8.122	8.111	2.775	8.445	7.810	3.306	5.445	6.512	1.773	10.138	2.285	8.841	9.500	2.943	1.379	5.714	7.558	9.750	9.876	4.789	6.571	6.586	2.873	4.849	7.920	6.711	7.786	5.672	10.913	9.060	5.644	5.439	5.449	4.462	6.754	1.512	5.660	7.052	]
[7.805	0.939	6.913	7.827	3.852	7.441	0.272	6.320	7.213	6.494	6.569	8.965	3.683	4.234	5.309	7.920	6.410	3.126	5.747	7.192	3.216	9.164	4.965	7.968	7.571	2.805	4.240	5.236	2.202	2.982	4.398	6.946	9.195	0.000	6.977	8.353	3.455	0.996	6.469	0.652	10.342	5.118	5.290	8.972	8.209	7.454	8.106	1.371	2.220	5.914	4.809	1.333	2.906	6.199	4.424	3.728	1.739	3.310	4.214	0.913	4.967	7.096	4.956	7.516	9.389	7.550	2.513	8.761	5.902	4.733	7.643	1.018	7.758	6.480	3.157	8.319	9.508	5.792	4.128	1.552	2.491	4.726	8.478	3.176	6.650	8.214	4.013	3.006	3.517	3.640	2.886	1.158	4.049	4.971	6.596	8.854	2.509	8.752	4.864	4.516	]
[1.310	7.900	3.057	5.299	6.169	0.537	7.217	7.590	1.281	3.095	0.409	3.078	8.709	4.936	2.463	3.067	5.970	4.751	2.977	6.983	6.825	5.807	2.680	1.658	3.041	6.786	6.550	3.057	4.929	4.812	3.397	4.207	5.456	6.977	0.000	3.326	8.008	6.970	4.564	7.386	5.614	5.209	6.669	5.152	2.608	1.327	1.724	7.603	6.449	5.509	3.624	6.860	5.158	1.351	4.837	4.384	5.292	3.899	7.800	6.983	2.840	4.256	3.289	2.664	3.613	2.993	4.571	2.733	1.099	7.603	3.886	7.972	6.075	3.493	5.482	2.710	4.686	7.649	3.302	6.616	6.222	3.092	1.782	3.852	5.338	1.375	8.366	6.315	7.929	5.264	7.235	7.557	5.939	6.690	0.385	2.154	4.816	4.060	6.840	7.946	]
[2.177	9.275	6.383	2.662	8.863	2.981	8.525	6.089	2.061	1.909	3.461	5.947	8.675	7.767	3.117	0.434	4.243	5.331	2.615	4.948	6.805	2.629	3.445	4.665	0.790	9.144	6.027	3.120	6.162	7.182	6.164	2.154	2.209	8.353	3.326	0.000	7.950	7.944	2.835	8.922	2.357	4.310	5.597	1.921	0.794	2.003	1.871	9.375	8.645	4.078	3.609	8.735	5.668	4.568	7.721	7.016	6.650	6.130	7.356	8.700	3.406	2.075	6.271	5.949	1.188	6.287	6.502	1.214	3.531	6.885	1.265	9.358	3.597	6.791	7.988	0.743	1.404	6.417	5.881	8.579	8.512	3.631	4.363	5.355	3.443	2.642	8.103	6.439	7.830	5.273	9.569	8.495	5.563	5.787	3.381	2.324	5.846	0.735	5.998	7.377	]
[8.329	3.692	9.128	6.360	7.147	8.315	3.316	3.497	7.665	6.103	7.653	10.713	0.730	7.196	5.648	7.572	4.451	3.279	5.571	4.798	1.198	7.712	5.367	9.440	7.197	6.229	2.002	5.205	3.628	5.799	6.721	5.955	7.920	3.455	8.008	7.950	0.000	2.475	5.289	3.971	9.328	3.691	2.877	7.793	8.141	7.900	8.487	4.722	5.604	4.209	4.593	4.782	2.880	7.784	7.354	6.449	3.639	5.542	0.993	4.368	5.241	6.085	7.311	9.504	9.130	9.647	4.850	8.781	6.950	1.692	6.858	3.750	5.897	8.886	6.284	8.224	8.705	2.861	6.300	4.967	5.824	4.968	9.764	4.550	5.049	8.890	0.563	1.693	0.140	2.808	6.339	2.419	2.388	2.545	7.643	9.304	3.482	8.066	2.337	1.249	]
[7.653	1.544	7.328	7.145	4.721	7.393	0.919	5.371	7.027	6.045	6.570	9.233	2.767	4.932	5.028	7.518	5.598	2.614	5.333	6.316	2.250	8.505	4.687	8.128	7.155	3.756	3.316	4.841	2.041	3.582	4.808	6.356	8.578	0.996	6.970	7.944	2.475	0.000	5.822	1.586	9.802	4.370	4.378	8.375	7.890	7.271	7.917	2.339	3.138	5.138	4.339	2.309	2.301	6.365	5.109	4.300	1.734	3.639	3.218	1.904	4.649	6.505	5.393	7.854	9.037	7.928	2.844	8.477	5.873	3.746	7.121	1.625	6.990	6.964	3.926	7.995	9.011	4.825	4.465	2.493	3.376	4.386	8.582	3.122	5.915	8.117	3.037	2.104	2.531	2.918	3.867	0.588	3.197	4.048	6.585	8.698	2.200	8.275	3.926	3.520	]
[4.090	7.311	7.188	1.381	8.146	4.544	6.575	3.308	3.531	1.491	4.426	7.634	5.996	7.339	2.549	2.547	1.493	3.364	1.722	2.429	4.228	2.695	2.647	6.216	2.214	8.026	3.300	1.993	4.493	6.315	5.908	0.691	2.759	6.469	4.564	2.835	5.289	5.822	0.000	7.104	4.070	1.603	2.766	2.574	3.278	3.682	4.037	7.704	7.416	1.243	1.945	7.209	3.566	5.268	7.369	6.453	4.983	5.330	4.595	7.045	2.464	0.804	6.265	7.073	4.012	7.363	5.345	3.904	4.006	4.077	1.616	7.395	1.693	7.358	7.148	3.322	3.417	3.590	5.484	7.143	7.389	2.469	6.195	4.126	0.775	4.708	5.369	3.968	5.160	2.913	8.391	6.301	2.936	2.973	4.364	4.777	4.091	2.806	3.189	4.586	]
[8.276	0.629	7.070	8.467	3.625	7.867	0.670	6.950	7.702	7.081	6.977	9.204	4.116	4.197	5.848	8.488	7.062	3.751	6.328	7.841	3.834	9.798	5.506	8.279	8.145	2.460	4.878	5.814	2.760	3.081	4.597	7.569	9.820	0.652	7.386	8.922	3.971	1.586	7.104	0.000	10.947	5.768	5.932	9.593	8.746	7.941	8.592	0.757	1.971	6.565	5.410	1.011	3.546	6.522	4.396	3.820	2.273	3.595	4.784	0.590	5.521	7.718	5.123	7.721	9.936	7.727	2.834	9.283	6.331	5.331	8.248	0.669	8.408	6.591	3.079	8.858	10.101	6.410	4.382	1.310	2.287	5.290	8.819	3.662	7.297	8.658	4.519	3.648	4.046	4.289	2.453	1.568	4.699	5.610	7.009	9.323	3.098	9.342	5.497	5.084	]
[4.364	11.232	8.661	3.030	11.186	5.207	10.484	6.703	4.386	3.900	5.789	7.918	10.019	10.113	5.329	2.734	5.019	7.227	4.664	5.270	8.296	1.881	5.630	6.774	2.974	11.400	7.326	5.178	8.208	9.469	8.512	3.461	1.490	10.342	5.614	2.357	9.328	9.802	4.070	10.947	0.000	5.668	6.608	1.546	3.007	4.291	3.983	11.466	10.870	5.132	5.537	10.873	7.504	6.900	10.071	9.344	8.708	8.414	8.563	10.791	5.550	3.316	8.628	8.156	2.200	8.499	8.717	3.009	5.888	7.969	2.699	11.317	3.774	9.104	10.287	2.904	0.953	7.199	8.216	10.745	10.762	5.732	6.351	7.524	4.307	4.679	9.356	8.034	9.196	6.943	11.815	10.313	7.004	6.884	5.709	4.090	7.851	1.702	7.106	8.506	]
[5.104	5.898	7.339	2.805	7.374	5.345	5.187	2.427	4.465	2.578	4.958	8.245	4.403	6.777	2.786	3.961	1.375	2.199	2.281	2.377	2.629	4.178	2.677	6.841	3.594	7.034	1.721	2.161	3.397	5.565	5.562	2.264	4.313	5.118	5.209	4.310	3.691	4.370	1.603	5.768	5.668	0.000	1.468	4.153	4.608	4.668	5.159	6.425	6.388	0.813	1.668	6.023	2.260	5.540	6.849	5.874	3.841	4.715	3.045	5.796	2.481	2.394	6.031	7.407	5.498	7.652	4.500	5.253	4.368	2.606	3.172	5.981	2.640	7.363	6.358	4.675	5.015	2.441	5.099	6.011	6.423	2.312	6.968	3.396	1.545	5.716	3.799	2.402	3.564	1.479	7.352	4.805	1.336	1.548	4.917	5.958	2.982	4.379	1.738	3.075	]
[6.560	5.906	8.674	3.585	8.168	6.812	5.284	1.159	5.926	3.992	6.409	9.691	3.497	7.754	4.229	5.288	1.609	2.994	3.748	1.980	2.189	4.896	4.088	8.293	4.936	7.623	1.065	3.614	4.087	6.439	6.711	3.455	5.152	5.290	6.669	5.597	2.877	4.378	2.766	5.932	6.608	1.468	0.000	5.062	5.981	6.126	6.599	6.659	6.959	1.533	3.081	6.412	2.850	6.935	7.853	6.867	4.429	5.731	1.988	6.103	3.898	3.556	7.226	8.799	6.777	9.028	5.348	6.621	5.799	1.361	4.378	5.982	3.032	8.643	7.167	6.038	6.093	0.985	6.243	6.471	7.060	3.699	8.433	4.420	2.309	7.174	2.787	2.284	2.737	2.076	7.878	4.665	1.332	0.346	6.370	7.388	3.708	5.546	0.540	1.900	]
[4.084	9.840	8.182	1.489	10.166	4.861	9.096	5.191	3.871	2.735	5.223	7.867	8.479	9.182	4.241	2.090	3.476	5.846	3.469	3.796	6.780	0.718	4.499	6.571	2.139	10.250	5.790	3.958	6.896	8.386	7.614	2.026	0.306	8.972	5.152	1.921	7.793	8.375	2.574	9.593	1.546	4.153	5.062	0.000	2.715	3.862	3.792	10.152	9.684	3.590	4.218	9.600	6.092	6.299	9.166	8.357	7.396	7.340	7.018	9.482	4.383	1.877	7.821	7.808	2.559	8.142	7.542	3.043	5.141	6.423	1.482	9.924	2.295	8.535	9.220	2.659	1.236	5.669	7.265	9.497	9.608	4.520	6.283	6.321	2.762	4.563	7.812	6.540	7.659	5.480	10.647	8.866	5.488	5.338	5.143	4.196	6.517	1.243	5.560	6.960	]
[1.398	9.143	5.660	3.352	8.388	2.222	8.400	6.584	1.396	2.047	2.791	5.153	8.871	7.245	2.900	0.782	4.750	5.303	2.610	5.546	6.966	3.422	3.244	3.880	1.066	8.763	6.290	3.065	6.007	6.776	5.641	2.645	3.002	8.209	2.608	0.794	8.141	7.890	3.278	8.746	3.007	4.608	5.981	2.715	0.000	1.285	1.077	9.146	8.302	4.504	3.628	8.473	5.670	3.901	7.183	6.540	6.478	5.737	7.628	8.477	3.251	2.601	5.692	5.191	1.208	5.531	6.190	0.645	2.971	7.213	1.870	9.224	4.271	6.098	7.557	0.119	2.080	6.856	5.400	8.293	8.143	3.507	3.569	5.109	3.966	1.848	8.345	6.557	8.029	5.382	9.198	8.458	5.777	6.135	2.711	1.587	5.729	1.511	6.337	7.678	]
[0.438	8.392	4.384	4.176	7.228	1.002	7.669	6.911	0.245	2.204	1.514	4.098	8.624	6.047	2.289	1.774	5.163	4.799	2.404	6.099	6.702	4.537	2.611	2.736	1.813	7.699	6.216	2.699	5.283	5.701	4.454	3.195	4.163	7.454	1.327	2.003	7.900	7.271	3.682	7.941	4.291	4.668	6.126	3.862	1.285	0.000	0.652	8.265	7.285	4.787	3.313	7.556	5.196	2.621	5.973	5.392	5.717	4.695	7.532	7.611	2.694	3.210	4.456	3.952	2.361	4.288	5.242	1.510	1.797	7.222	2.698	8.471	5.022	4.813	6.447	1.390	3.359	7.072	4.259	7.348	7.097	2.973	2.565	4.282	4.447	1.049	8.183	6.236	7.803	5.092	8.142	7.855	5.640	6.212	1.435	1.433	5.072	2.738	6.390	7.632	]
[0.415	9.045	4.701	4.335	7.804	1.248	8.321	7.322	0.894	2.615	2.008	4.076	9.214	6.601	2.916	1.783	5.529	5.427	2.941	6.410	7.291	4.497	3.245	2.818	1.950	8.314	6.756	3.283	5.934	6.317	5.023	3.478	4.079	8.106	1.724	1.871	8.487	7.917	4.037	8.592	3.983	5.159	6.599	3.792	1.077	0.652	0.000	8.913	7.913	5.202	3.894	8.201	5.821	3.073	6.516	5.979	6.370	5.323	8.083	8.260	3.317	3.467	4.980	4.173	1.897	4.516	5.886	1.016	2.402	7.742	2.834	9.123	5.228	5.187	7.048	1.143	3.095	7.524	4.855	7.989	7.719	3.594	2.492	4.935	4.778	0.775	8.752	6.836	8.386	5.681	8.759	8.500	6.194	6.707	1.936	0.817	5.718	2.584	6.894	8.169	]
[8.576	1.155	6.973	9.077	3.164	8.105	1.427	7.691	8.033	7.575	7.197	9.191	4.841	3.930	6.269	8.940	7.742	4.340	6.814	8.549	4.582	10.390	5.933	8.362	8.609	1.916	5.611	6.298	3.260	3.014	4.590	8.135	10.389	1.371	7.603	9.375	4.722	2.339	7.704	0.757	11.466	6.425	6.659	10.152	9.146	8.265	8.913	0.000	1.585	7.230	5.941	0.765	4.177	6.635	4.133	3.712	2.760	3.722	5.540	0.676	5.970	8.284	5.067	7.676	10.347	7.649	3.041	9.657	6.586	6.085	8.773	1.141	9.062	6.446	2.808	9.261	10.598	7.158	4.448	1.062	1.922	5.757	8.935	4.038	7.940	8.917	5.266	4.376	4.799	4.949	1.812	2.309	5.406	6.341	7.236	9.613	3.635	9.832	6.234	5.841	]
[7.544	2.576	5.461	8.792	1.656	6.974	2.438	8.078	7.068	6.987	6.055	7.730	5.891	2.351	5.547	8.218	7.760	4.190	6.230	8.690	5.136	10.023	5.240	7.009	7.922	0.665	5.989	5.729	2.992	1.648	3.203	7.731	9.948	2.220	6.449	8.645	5.604	3.138	7.416	1.971	10.870	6.388	6.959	9.684	8.302	7.285	7.913	1.585	0.000	7.197	5.510	0.960	4.176	5.346	2.555	2.247	2.561	2.590	6.258	1.393	5.326	7.876	3.614	6.199	9.508	6.144	2.153	8.749	5.519	6.683	8.235	2.594	8.942	4.905	1.240	8.420	9.957	7.630	3.164	0.676	0.338	5.166	7.616	3.364	7.797	7.808	6.167	4.785	5.649	4.996	0.975	3.376	5.632	6.681	6.106	8.549	3.407	9.186	6.623	6.556	]
[5.212	6.675	7.866	2.153	8.155	5.570	5.974	2.125	4.610	2.592	5.308	8.583	4.890	7.516	3.207	3.785	0.591	3.007	2.534	1.656	3.256	3.516	3.175	7.165	3.445	7.841	2.209	2.573	4.205	6.337	6.239	1.927	3.711	5.914	5.509	4.078	4.209	5.138	1.243	6.565	5.132	0.813	1.533	3.590	4.504	4.787	5.202	7.230	7.197	0.000	2.215	6.835	3.071	6.006	7.578	6.613	4.652	5.454	3.434	6.605	2.974	2.024	6.679	7.863	5.253	8.127	5.283	5.136	4.782	2.871	2.848	6.757	1.852	7.942	7.140	4.553	4.574	2.353	5.784	6.823	7.227	2.861	7.220	4.148	0.841	5.831	4.225	3.111	4.074	2.281	8.162	5.549	1.997	1.768	5.257	5.967	3.790	4.014	1.989	3.395	]
[3.746	5.710	5.680	3.298	6.201	3.830	4.960	4.095	3.082	1.707	3.340	6.613	5.320	5.422	1.161	3.186	2.788	1.725	1.019	3.866	3.398	4.515	1.011	5.223	2.819	6.105	2.944	0.614	2.681	4.370	4.057	2.225	4.465	4.809	3.624	3.609	4.593	4.339	1.945	5.410	5.537	1.668	3.081	4.218	3.628	3.313	3.894	5.941	5.510	2.215	0.000	5.382	2.061	3.873	5.464	4.528	3.181	3.393	4.235	5.268	0.817	2.372	4.474	5.740	4.725	5.984	3.409	4.249	2.718	3.985	2.838	5.794	3.591	5.732	5.203	3.723	4.700	4.066	3.612	5.285	5.465	0.651	5.403	2.185	2.488	4.324	4.870	2.952	4.493	1.788	6.482	4.886	2.346	3.074	3.306	4.711	2.314	3.950	3.218	4.354	]
[7.857	1.619	6.224	8.589	2.614	7.366	1.520	7.493	7.327	6.974	6.454	8.429	5.013	3.235	5.620	8.302	7.372	3.868	6.210	8.238	4.448	9.875	5.290	7.598	7.980	1.481	5.395	5.695	2.717	2.252	3.826	7.599	9.847	1.333	6.860	8.735	4.782	2.309	7.209	1.011	10.873	6.023	6.412	9.600	8.473	7.556	8.201	0.765	0.960	6.835	5.382	0.000	3.764	5.874	3.437	2.960	2.225	2.969	5.508	0.442	5.342	7.747	4.309	6.918	9.679	6.896	2.316	8.969	5.855	5.989	8.193	1.642	8.639	5.709	2.109	8.589	9.989	7.001	3.684	0.318	1.280	5.143	8.172	3.381	7.503	8.183	5.342	4.162	4.840	4.569	1.558	2.468	5.113	6.112	6.496	8.889	3.118	9.219	6.029	5.809	]
[5.608	3.749	6.347	4.922	5.318	5.498	3.010	4.004	4.954	3.761	4.792	7.837	3.561	4.945	2.908	5.247	3.611	0.407	3.073	4.515	1.750	6.260	2.591	6.561	4.879	4.833	2.029	2.605	1.238	3.600	4.082	4.067	6.305	2.906	5.158	5.668	2.880	2.301	3.566	3.546	7.504	2.260	2.850	6.092	5.670	5.196	5.821	4.177	4.176	3.071	2.061	3.764	0.000	4.910	5.058	4.078	1.615	2.987	2.898	3.539	2.503	4.217	4.647	6.663	6.785	6.825	2.512	6.279	4.084	2.990	4.820	3.834	4.888	6.177	4.318	5.769	6.711	3.656	3.627	3.761	4.244	2.226	6.897	1.775	3.762	6.132	3.300	1.216	2.817	0.820	5.126	2.832	1.527	2.618	4.786	6.627	0.865	5.977	2.617	3.126	]
[2.658	7.083	1.936	6.224	4.891	1.867	6.456	7.967	2.515	3.919	1.111	2.931	8.442	3.634	2.799	4.258	6.533	4.523	3.554	7.596	6.654	6.912	2.863	1.771	4.160	5.612	6.607	3.433	4.368	3.700	2.174	5.057	6.605	6.199	1.351	4.568	7.784	6.365	5.268	6.522	6.900	5.540	6.935	6.299	3.901	2.621	3.073	6.635	5.346	6.006	3.873	5.874	4.910	0.000	3.521	3.173	4.633	2.930	7.745	6.059	3.061	5.136	1.970	1.867	4.954	2.121	3.695	4.077	1.263	7.669	4.928	7.149	6.899	2.236	4.285	4.009	5.958	7.917	2.195	5.603	5.088	3.238	2.301	3.303	6.013	2.677	8.208	6.122	7.725	5.223	6.059	6.937	5.987	6.888	1.191	3.471	4.367	5.289	7.003	7.934	]
[6.107	5.024	3.030	8.638	1.434	5.369	4.688	9.011	5.806	6.462	4.510	5.369	7.810	0.204	4.964	7.337	8.170	4.861	5.801	9.219	6.555	9.657	4.767	4.903	7.128	2.486	7.087	5.401	3.884	1.555	1.560	7.459	9.461	4.424	4.837	7.721	7.354	5.109	7.369	4.396	10.071	6.849	7.853	9.166	7.183	5.973	6.516	4.133	2.555	7.578	5.464	3.437	5.058	3.521	0.000	0.986	3.735	2.137	7.762	3.811	4.929	7.583	1.552	3.833	8.331	3.718	2.572	7.481	4.213	8.002	7.689	5.058	9.046	2.416	1.328	7.300	9.119	8.709	1.910	3.120	2.218	4.900	5.563	3.461	7.951	6.193	7.897	6.078	7.359	5.780	2.886	5.523	6.569	7.656	4.581	6.985	4.199	8.380	7.671	8.035	]
[5.584	4.442	3.265	7.749	1.850	4.920	3.999	8.025	5.202	5.630	4.015	5.492	6.939	0.904	4.121	6.614	7.204	3.875	4.938	8.248	5.606	8.816	3.895	4.777	6.376	2.441	6.107	4.511	2.920	0.747	1.000	6.583	8.647	3.728	4.384	7.016	6.449	4.300	6.453	3.820	9.344	5.874	6.867	8.357	6.540	5.392	5.979	3.712	2.247	6.613	4.528	2.960	4.078	3.173	0.986	0.000	2.812	1.160	6.815	3.262	4.044	6.712	1.368	3.968	7.720	3.937	1.616	6.898	3.596	7.034	6.876	4.489	8.118	2.771	1.112	6.658	8.398	7.726	1.140	2.652	1.954	3.990	5.399	2.481	7.011	5.758	6.984	5.119	6.446	4.794	2.888	4.762	5.584	6.671	4.077	6.532	3.221	7.643	6.688	7.083	]
[6.073	2.678	5.642	6.363	3.769	5.739	1.952	5.568	5.476	4.823	4.887	7.500	4.152	3.589	3.578	6.216	5.208	1.654	4.065	6.129	2.833	7.654	3.236	6.398	5.875	3.218	3.510	3.549	0.500	2.189	3.147	5.385	7.637	1.739	5.292	6.650	3.639	1.734	4.983	2.273	8.708	3.841	4.429	7.396	6.478	5.717	6.370	2.760	2.561	4.652	3.181	2.225	1.615	4.633	3.735	2.812	0.000	1.959	4.035	2.087	3.249	5.533	3.740	6.135	7.665	6.223	1.215	7.025	4.203	4.327	6.013	2.757	6.431	5.322	2.798	6.590	7.847	5.163	2.769	2.178	2.635	3.020	6.865	1.450	5.290	6.495	4.172	2.384	3.634	2.435	3.515	2.304	3.097	4.169	4.908	7.123	0.892	7.083	4.134	4.314	]
[4.956	4.167	3.691	6.649	2.837	4.413	3.576	6.887	4.480	4.606	3.496	5.656	6.094	2.063	3.106	5.712	6.045	2.750	3.883	7.088	4.604	7.762	2.843	4.685	5.441	3.026	5.011	3.427	1.921	1.055	1.189	5.501	7.622	3.310	3.899	6.130	5.542	3.639	5.330	3.595	8.414	4.715	5.731	7.340	5.737	4.695	5.323	3.722	2.590	5.454	3.393	2.969	2.987	2.930	2.137	1.160	1.959	0.000	5.808	3.131	2.973	5.635	1.782	4.228	6.940	4.291	0.806	6.166	2.932	5.972	5.862	4.230	6.983	3.365	1.881	5.856	7.481	6.608	0.829	2.718	2.408	2.887	5.230	1.324	5.867	5.239	6.054	4.094	5.523	3.666	3.461	4.172	4.467	5.547	3.542	5.968	2.156	6.714	5.575	6.063	]
[7.968	4.575	9.244	5.554	7.720	8.052	4.115	2.507	7.307	5.582	7.474	10.647	1.518	7.621	5.363	7.003	3.595	3.248	5.142	3.844	1.209	6.881	5.121	9.318	6.634	6.906	1.338	4.845	3.903	6.224	6.949	5.280	7.122	4.214	7.800	7.356	0.993	3.218	4.595	4.784	8.563	3.045	1.988	7.018	7.628	7.532	8.083	5.540	6.258	3.434	4.235	5.508	2.898	7.745	7.762	6.815	4.035	5.808	0.000	5.118	4.968	5.399	7.525	9.538	8.544	9.712	5.199	8.273	6.791	0.706	6.201	4.639	5.018	9.070	6.800	7.701	7.997	1.868	6.503	5.657	6.445	4.710	9.579	4.668	4.256	8.555	0.799	1.715	0.863	2.544	7.061	3.283	1.892	1.684	7.453	8.896	3.660	7.400	1.463	0.302	]
[7.929	1.215	6.522	8.421	3.049	7.478	1.082	7.164	7.377	6.900	6.575	8.688	4.580	3.611	5.596	8.266	7.127	3.684	6.139	7.962	4.088	9.728	5.260	7.803	7.934	1.922	5.070	5.622	2.587	2.531	4.075	7.467	9.720	0.913	6.983	8.700	4.368	1.904	7.045	0.590	10.791	5.796	6.103	9.482	8.477	7.611	8.260	0.676	1.393	6.605	5.268	0.442	3.539	6.059	3.811	3.262	2.087	3.131	5.118	0.000	5.295	7.616	4.585	7.192	9.677	7.186	2.412	8.993	5.951	5.619	8.099	1.248	8.428	6.029	2.491	8.592	9.923	6.655	3.891	0.723	1.702	5.081	8.360	3.369	7.299	8.283	4.925	3.833	4.430	4.326	1.975	2.031	4.824	5.794	6.612	8.969	2.967	9.157	5.701	5.420	]
[3.111	5.897	4.893	3.710	5.809	3.088	5.152	4.908	2.453	1.662	2.538	5.800	5.959	4.913	0.409	2.972	3.527	2.110	0.914	4.604	4.045	4.790	0.201	4.416	2.640	5.874	3.711	0.473	2.766	4.009	3.446	2.539	4.659	4.967	2.840	3.406	5.241	4.649	2.464	5.521	5.550	2.481	3.898	4.383	3.251	2.694	3.317	5.970	5.326	2.974	0.817	5.342	2.503	3.061	4.929	4.044	3.249	2.973	4.968	5.295	0.000	2.668	3.806	4.928	4.423	5.176	3.174	3.828	1.902	4.765	2.916	5.979	4.156	4.978	4.845	3.359	4.651	4.883	3.030	5.200	5.233	0.278	4.622	1.974	3.120	3.654	5.562	3.560	5.151	2.450	6.279	5.224	3.099	3.883	2.508	4.124	2.479	3.880	4.021	5.108	]
[3.584	7.963	7.072	1.094	8.472	4.148	7.220	4.016	3.100	1.218	4.186	7.272	6.795	7.574	2.629	1.834	2.171	3.969	1.782	2.952	5.007	2.148	2.819	5.871	1.545	8.461	4.102	2.208	5.035	6.659	6.068	0.150	2.104	7.096	4.256	2.075	6.085	6.505	0.804	7.718	3.316	2.394	3.556	1.877	2.601	3.210	3.467	8.284	7.876	2.024	2.372	7.747	4.217	5.136	7.583	6.712	5.533	5.635	5.399	7.616	2.668	0.000	6.361	6.864	3.235	7.172	5.755	3.202	3.883	4.878	0.825	8.048	1.823	7.311	7.497	2.628	2.622	4.347	5.675	7.656	7.819	2.755	5.771	4.526	1.374	4.186	6.173	4.723	5.957	3.628	8.845	7.005	3.720	3.773	4.116	4.155	4.650	2.002	3.990	5.389	]
[4.569	5.735	1.957	7.446	2.933	3.819	5.227	8.358	4.302	5.183	2.972	4.126	7.874	1.666	3.744	5.906	7.260	4.349	4.597	8.335	6.333	8.358	3.619	3.443	5.729	3.765	6.624	4.273	3.683	2.058	0.593	6.251	8.122	4.956	3.289	6.271	7.311	5.393	6.265	5.123	8.628	6.031	7.226	7.821	5.692	4.456	4.980	5.067	3.614	6.679	4.474	4.309	4.647	1.970	1.552	1.368	3.740	1.782	7.525	4.585	3.806	6.361	0.000	2.610	6.817	2.605	2.552	5.957	2.740	7.630	6.363	5.787	7.958	1.583	2.439	5.807	7.675	8.156	1.022	4.006	3.315	3.847	4.083	2.877	6.921	4.642	7.813	5.811	7.286	5.229	4.204	5.906	6.043	7.087	3.045	5.434	3.869	6.954	7.145	7.767	]
[3.800	8.326	0.842	7.931	5.254	2.970	7.786	9.834	3.939	5.665	2.678	1.540	10.133	4.012	4.657	5.719	8.381	6.293	5.380	9.436	8.412	8.469	4.730	1.489	5.705	6.277	8.440	5.292	5.960	4.668	3.127	6.801	8.111	7.516	2.664	5.949	9.504	7.854	7.073	7.721	8.156	7.407	8.799	7.808	5.191	3.952	4.173	7.676	6.199	7.863	5.740	6.918	6.663	1.867	3.833	3.968	6.135	4.228	9.538	7.192	4.928	6.864	2.610	0.000	6.028	0.343	5.034	5.164	3.086	9.498	6.545	8.382	8.664	1.511	4.986	5.280	7.260	9.780	3.400	6.615	5.887	5.104	2.121	4.957	7.832	3.512	9.956	7.878	9.456	7.043	6.697	8.397	7.822	8.745	2.749	4.229	6.032	6.684	8.855	9.740	]
[2.307	10.320	6.591	3.669	9.565	3.145	9.574	7.230	2.526	3.054	3.862	5.719	9.857	8.401	4.088	1.562	5.388	6.432	3.712	6.024	7.979	3.259	4.430	4.608	1.938	9.965	7.214	4.196	7.188	7.975	6.802	3.325	2.775	9.389	3.613	1.188	9.130	9.037	4.012	9.936	2.200	5.498	6.777	2.559	1.208	2.361	1.897	10.347	9.508	5.253	4.725	9.679	6.785	4.954	8.331	7.720	7.665	6.940	8.544	9.677	4.423	3.235	6.817	6.028	0.000	6.371	7.398	0.881	4.131	8.072	2.412	10.402	4.603	7.084	8.749	1.090	1.471	7.581	6.581	9.500	9.347	4.670	4.158	6.309	4.587	2.519	9.290	7.602	9.012	6.431	10.401	9.597	6.745	6.972	3.786	1.890	6.897	1.401	7.184	8.565	]
[4.141	8.339	0.689	8.244	5.122	3.309	7.821	10.077	4.271	5.968	2.990	1.675	10.264	3.905	4.920	6.053	8.652	6.464	5.661	9.713	8.572	8.800	4.978	1.821	6.034	6.187	8.639	5.554	6.073	4.655	3.152	7.106	8.445	7.550	2.993	6.287	9.647	7.928	7.363	7.727	8.499	7.652	9.028	8.142	5.531	4.288	4.516	7.649	6.144	8.127	5.984	6.896	6.825	2.121	3.718	3.937	6.223	4.291	9.712	7.186	5.176	7.172	2.605	0.343	6.371	0.000	5.093	5.507	3.364	9.694	6.868	8.392	8.966	1.328	4.918	5.620	7.601	10.006	3.464	6.588	5.826	5.342	2.438	5.096	8.117	3.855	10.109	8.038	9.603	7.236	6.599	8.462	8.023	8.965	3.062	4.569	6.167	7.022	9.069	9.920	]
[5.541	3.388	4.485	6.707	2.874	5.067	2.776	6.506	5.014	4.836	4.163	6.459	5.367	2.444	3.396	6.073	5.867	2.368	4.080	6.869	3.990	7.902	3.087	5.461	5.772	2.709	4.531	3.584	1.312	1.090	1.965	5.613	7.810	2.513	4.571	6.502	4.850	2.844	5.345	2.834	8.717	4.500	5.348	7.542	6.190	5.242	5.886	3.041	2.153	5.283	3.409	2.316	2.512	3.695	2.572	1.616	1.215	0.806	5.199	2.412	3.174	5.755	2.552	5.034	7.398	5.093	0.000	6.667	3.545	5.431	6.087	3.454	6.935	4.129	1.859	6.307	7.805	6.168	1.634	2.109	2.067	3.022	5.987	1.229	5.795	5.876	5.378	3.506	4.842	3.275	3.106	3.370	4.037	5.129	4.201	6.574	1.647	7.034	5.129	5.468	]
[1.426	9.698	5.713	3.873	8.738	2.264	8.959	7.204	1.698	2.691	2.993	4.936	9.511	7.557	3.460	1.367	5.365	5.905	3.235	6.127	7.603	3.761	3.804	3.765	1.691	9.183	6.935	3.674	6.562	7.187	5.965	3.256	3.306	8.761	2.733	1.214	8.781	8.477	3.904	9.283	3.009	5.253	6.621	3.043	0.645	1.510	1.016	9.657	8.749	5.136	4.249	8.969	6.279	4.077	7.481	6.898	7.025	6.166	8.273	8.993	3.828	3.202	5.957	5.164	0.881	5.507	6.667	0.000	3.303	7.858	2.433	9.778	4.805	6.203	7.945	0.583	2.168	7.489	5.763	8.776	8.574	4.092	3.356	5.629	4.574	1.670	8.988	7.188	8.670	6.014	9.624	9.049	6.420	6.778	2.918	1.157	6.301	1.800	6.981	8.324	]
[2.026	6.830	3.195	4.974	5.436	1.540	6.137	6.789	1.607	2.665	0.710	3.900	7.643	4.275	1.586	3.172	5.295	3.679	2.298	6.351	5.777	5.723	1.717	2.532	3.016	5.912	5.578	2.221	3.832	3.915	2.673	3.800	5.445	5.902	1.099	3.531	6.950	5.873	4.006	6.331	5.888	4.368	5.799	5.141	2.971	1.797	2.402	6.586	5.519	4.782	2.718	5.855	4.084	1.263	4.213	3.596	4.203	2.932	6.791	5.951	1.902	3.883	2.740	3.086	4.131	3.364	3.545	3.303	0.000	6.639	3.725	6.904	5.637	3.439	4.651	3.088	4.936	6.784	2.462	5.627	5.318	2.121	2.814	2.759	4.755	2.332	7.326	5.259	6.876	4.246	6.357	6.460	4.960	5.784	0.715	3.038	3.718	4.219	5.917	6.953	]
[7.660	5.172	9.264	4.945	8.076	7.813	4.660	1.805	7.007	5.182	7.300	10.530	2.210	7.874	5.141	6.553	2.965	3.285	4.818	3.147	1.547	6.249	4.933	9.170	6.191	7.341	1.063	4.579	4.119	6.491	7.070	4.768	6.512	4.733	7.603	6.885	1.692	3.746	4.077	5.331	7.969	2.606	1.361	6.423	7.213	7.222	7.742	6.085	6.683	2.871	3.985	5.989	2.990	7.669	8.002	7.034	4.327	5.972	0.706	5.619	4.765	4.878	7.630	9.498	8.072	9.694	5.431	7.858	6.639	0.000	5.694	5.240	4.362	9.140	7.123	7.279	7.443	1.172	6.612	6.111	6.844	4.523	9.384	4.753	3.667	8.261	1.471	1.943	1.558	2.458	7.528	3.880	1.684	1.106	7.272	8.548	3.821	6.878	0.889	0.545	]
[3.019	8.536	6.844	1.502	8.685	3.687	7.787	4.826	2.641	1.258	3.892	6.796	7.574	7.702	2.760	1.088	2.982	4.532	2.006	3.695	5.753	2.001	3.024	5.428	0.894	8.790	4.891	2.509	5.513	6.910	6.140	0.925	1.773	7.643	3.886	1.265	6.858	7.121	1.616	8.248	2.699	3.172	4.378	1.482	1.870	2.698	2.834	8.773	8.235	2.848	2.838	8.193	4.820	4.928	7.689	6.876	6.013	5.862	6.201	8.099	2.916	0.825	6.363	6.545	2.412	6.868	6.087	2.433	3.725	5.694	0.000	8.620	2.404	7.153	7.743	1.878	1.897	5.170	5.785	8.075	8.148	3.070	5.249	4.873	2.181	3.590	6.967	5.437	6.732	4.305	9.193	7.642	4.477	4.589	3.816	3.454	5.152	1.209	4.805	6.200	]
[8.819	0.084	7.736	8.736	4.235	8.443	0.835	6.937	8.230	7.488	7.564	9.858	3.782	4.858	6.325	8.925	7.222	4.090	6.748	7.933	3.817	10.087	5.981	8.912	8.574	3.025	4.917	6.238	3.218	3.749	5.255	7.898	10.138	1.018	7.972	9.358	3.750	1.625	7.395	0.669	11.317	5.981	5.982	9.924	9.224	8.471	9.123	1.141	2.594	6.757	5.794	1.642	3.834	7.149	5.058	4.489	2.757	4.230	4.639	1.248	5.979	8.048	5.787	8.382	10.402	8.392	3.454	9.778	6.904	5.240	8.620	0.000	8.609	7.260	3.737	9.334	10.494	6.365	5.028	1.953	2.920	5.735	9.440	4.190	7.524	9.222	4.271	3.723	3.843	4.515	2.951	1.360	4.822	5.648	7.593	9.868	3.512	9.743	5.513	4.933	]
[5.381	8.527	8.831	0.938	9.774	5.970	7.824	2.936	4.920	2.999	5.990	9.095	6.529	9.011	4.234	3.490	1.454	4.777	3.393	1.503	5.051	1.933	4.339	7.694	3.278	9.571	3.949	3.686	5.963	7.941	7.598	1.868	2.285	7.758	6.075	3.597	5.897	6.990	1.693	8.408	3.774	2.640	3.032	2.295	4.271	5.022	5.228	9.062	8.942	1.852	3.591	8.639	4.888	6.899	9.046	8.118	6.431	6.983	5.018	8.428	4.156	1.823	7.958	8.664	4.603	8.966	6.935	4.805	5.637	4.362	2.404	8.609	0.000	9.028	8.767	4.271	3.498	3.466	7.170	8.609	8.944	4.151	7.586	5.738	1.145	5.971	5.816	4.950	5.758	4.119	9.914	7.396	3.831	3.354	5.922	5.857	5.549	3.207	3.567	4.907	]
[4.780	7.214	0.669	8.405	3.803	3.939	6.752	9.749	4.731	6.095	3.332	3.002	9.455	2.610	4.814	6.491	8.504	5.857	5.638	9.581	7.887	9.144	4.779	2.859	6.396	4.899	8.114	5.414	5.259	3.514	2.175	7.221	8.841	6.480	3.493	6.791	8.886	6.964	7.358	6.591	9.104	7.363	8.643	8.535	6.098	4.813	5.187	6.446	4.905	7.942	5.732	5.709	6.177	2.236	2.416	2.771	5.322	3.365	9.070	6.029	4.978	7.311	1.583	1.511	7.084	1.328	4.129	6.203	3.439	9.140	7.153	7.260	9.028	0.000	3.667	6.201	8.170	9.596	2.586	5.394	4.579	5.082	3.530	4.403	8.070	4.643	9.382	7.361	8.858	6.707	5.301	7.466	7.518	8.531	3.412	5.418	5.427	7.517	8.607	9.304	]
[6.659	3.706	4.232	8.490	1.015	6.017	3.413	8.321	6.247	6.486	5.107	6.524	6.678	1.126	4.987	7.575	7.725	4.213	5.758	8.726	5.613	9.632	4.721	5.875	7.313	1.331	6.295	5.292	3.082	0.837	2.112	7.360	9.500	3.157	5.482	7.988	6.284	3.926	7.148	3.079	10.287	6.358	7.167	9.220	7.557	6.447	7.048	2.808	1.240	7.140	5.203	2.109	4.318	4.285	1.328	1.112	2.798	1.881	6.800	2.491	4.845	7.497	2.439	4.986	8.749	4.918	1.859	7.945	4.651	7.123	7.743	3.737	8.767	3.667	0.000	7.676	9.350	7.947	2.195	1.792	0.912	4.742	6.504	3.029	7.634	6.856	6.841	5.181	6.306	5.107	1.777	4.288	5.843	6.930	5.166	7.623	3.463	8.586	6.912	7.086	]
[1.481	9.253	5.758	3.347	8.507	2.313	8.509	6.624	1.509	2.124	2.900	5.215	8.954	7.362	3.011	0.796	4.787	5.405	2.705	5.565	7.051	3.370	3.355	3.956	1.108	8.882	6.363	3.165	6.117	6.895	5.758	2.678	2.943	8.319	2.710	0.743	8.224	7.995	3.322	8.858	2.904	4.675	6.038	2.659	0.119	1.390	1.143	9.261	8.420	4.553	3.723	8.589	5.769	4.009	7.300	6.658	6.590	5.856	7.701	8.592	3.359	2.628	5.807	5.280	1.090	5.620	6.307	0.583	3.088	7.279	1.878	9.334	4.271	6.201	7.676	0.000	1.984	6.906	5.518	8.410	8.261	3.614	3.629	5.223	3.998	1.907	8.422	6.646	8.111	5.472	9.317	8.562	5.855	6.198	2.820	1.597	5.837	1.441	6.401	7.748	]
[3.460	10.410	7.739	2.626	10.242	4.297	9.660	6.338	3.444	3.024	4.848	7.104	9.412	9.162	4.411	1.785	4.558	6.412	3.784	4.991	7.626	1.868	4.721	5.908	2.040	10.477	6.716	4.301	7.349	8.536	7.561	2.755	1.379	9.508	4.686	1.404	8.705	9.011	3.417	10.101	0.953	5.015	6.093	1.236	2.080	3.359	3.095	10.598	9.957	4.574	4.700	9.989	6.711	5.958	9.119	8.398	7.847	7.481	7.997	9.923	4.651	2.622	7.675	7.260	1.471	7.601	7.805	2.168	4.936	7.443	1.897	10.494	3.498	8.170	9.350	1.984	0.000	6.778	7.268	9.851	9.841	4.847	5.523	6.624	3.791	3.821	8.779	7.326	8.576	6.201	10.896	9.537	6.341	6.342	4.768	3.300	7.004	0.772	6.562	7.968	]
[7.505	6.294	9.643	4.181	8.931	7.782	5.744	0.646	6.879	4.910	7.392	10.675	3.331	8.600	5.213	6.136	2.222	3.858	4.713	2.097	2.577	5.397	5.073	9.276	5.798	8.293	1.653	4.596	4.874	7.254	7.628	4.263	5.714	5.792	7.649	6.417	2.861	4.825	3.590	6.410	7.199	2.441	0.985	5.669	6.856	7.072	7.524	7.158	7.630	2.353	4.066	7.001	3.656	7.917	8.709	7.726	5.163	6.608	1.868	6.655	4.883	4.347	8.156	9.780	7.581	10.006	6.168	7.489	6.784	1.172	5.170	6.365	3.466	9.596	7.947	6.906	6.778	0.000	7.160	7.096	7.761	4.683	9.409	5.317	3.010	8.121	2.584	2.848	2.728	2.945	8.514	5.009	2.142	1.069	7.353	8.303	4.521	6.294	1.039	1.647	]
[4.465	4.968	2.873	6.735	2.989	3.834	4.395	7.384	4.065	4.553	2.919	4.838	6.875	1.917	3.054	5.483	6.371	3.335	3.892	7.438	5.311	7.748	2.862	3.916	5.253	3.485	5.612	3.503	2.674	1.517	0.468	5.552	7.558	4.128	3.302	5.881	6.300	4.465	5.484	4.382	8.216	5.099	6.243	7.265	5.400	4.259	4.855	4.448	3.164	5.784	3.612	3.684	3.627	2.195	1.910	1.140	2.769	0.829	6.503	3.891	3.030	5.675	1.022	3.400	6.581	3.464	1.634	5.763	2.462	6.612	5.785	5.028	7.170	2.586	2.195	5.518	7.268	7.160	0.000	3.409	2.923	3.020	4.489	1.861	6.094	4.672	6.797	4.789	6.273	4.224	3.933	5.000	5.037	6.092	2.976	5.433	2.848	6.517	6.143	6.745	]
[7.638	1.927	5.914	8.524	2.329	7.127	1.764	7.570	7.121	6.845	6.213	8.130	5.231	2.918	5.462	8.147	7.371	3.831	6.081	8.262	4.565	9.793	5.138	7.317	7.832	1.262	5.472	5.570	2.654	1.954	3.533	7.509	9.750	1.552	6.616	8.579	4.967	2.493	7.143	1.310	10.745	6.011	6.471	9.497	8.293	7.348	7.989	1.062	0.676	6.823	5.285	0.318	3.761	5.603	3.120	2.652	2.178	2.718	5.657	0.723	5.200	7.656	4.006	6.615	9.500	6.588	2.109	8.776	5.627	6.111	8.075	1.953	8.609	5.394	1.792	8.410	9.851	7.096	3.409	0.000	0.978	5.013	7.898	3.228	7.468	7.949	5.529	4.249	5.018	4.576	1.419	2.705	5.158	6.180	6.256	8.664	3.064	9.080	6.108	5.957	]
[7.343	2.899	5.141	8.759	1.362	6.750	2.722	8.191	6.885	6.894	5.832	7.422	6.139	2.015	5.433	8.089	7.797	4.226	6.143	8.749	5.302	9.967	5.136	6.728	7.801	0.642	6.113	5.649	3.032	1.410	2.929	7.677	9.876	2.491	6.222	8.512	5.824	3.376	7.389	2.287	10.762	6.423	7.060	9.608	8.143	7.097	7.719	1.922	0.338	7.227	5.465	1.280	4.244	5.088	2.218	1.954	2.635	2.408	6.445	1.702	5.233	7.819	3.315	5.887	9.347	5.826	2.067	8.574	5.318	6.844	8.148	2.920	8.944	4.579	0.912	8.261	9.841	7.761	2.923	0.978	0.000	5.088	7.344	3.294	7.800	7.587	6.387	4.927	5.863	5.062	1.057	3.648	5.729	6.791	5.886	8.337	3.444	9.070	6.744	6.741	]
[3.389	5.653	5.030	3.764	5.721	3.355	4.905	4.735	2.731	1.832	2.777	6.021	5.684	4.872	0.686	3.197	3.429	1.834	1.069	4.508	3.772	4.895	0.412	4.648	2.856	5.730	3.465	0.562	2.531	3.905	3.453	2.618	4.789	4.726	3.092	3.631	4.968	4.386	2.469	5.290	5.732	2.312	3.699	4.520	3.507	2.973	3.594	5.757	5.166	2.861	0.651	5.143	2.226	3.238	4.900	3.990	3.020	2.887	4.710	5.081	0.278	2.755	3.847	5.104	4.670	5.342	3.022	4.092	2.121	4.523	3.070	5.735	4.151	5.082	4.742	3.614	4.847	4.683	3.020	5.013	5.088	0.000	4.872	1.803	3.080	3.930	5.294	3.284	4.879	2.182	6.127	4.958	2.850	3.668	2.751	4.401	2.227	4.078	3.797	4.855	]
[2.233	9.373	2.892	6.737	6.989	1.653	8.732	9.323	2.675	4.704	2.112	1.587	10.457	5.712	4.243	4.250	7.647	6.492	4.707	8.624	8.588	6.988	4.461	0.675	4.356	7.835	8.332	4.828	6.552	5.978	4.415	5.750	6.571	8.478	1.782	4.363	9.764	8.582	6.195	8.819	6.351	6.968	8.433	6.283	3.569	2.565	2.492	8.935	7.616	7.220	5.403	8.172	6.897	2.301	5.563	5.399	6.865	5.230	9.579	8.360	4.622	5.771	4.083	2.121	4.158	2.438	5.987	3.356	2.814	9.384	5.249	9.440	7.586	3.530	6.504	3.629	5.523	9.409	4.489	7.898	7.344	4.872	0.000	5.468	6.968	1.722	10.134	8.072	9.689	7.039	8.278	9.163	7.720	8.464	2.127	2.274	6.487	5.069	8.617	9.727	]
[4.629	4.113	4.590	5.482	4.037	4.291	3.399	5.573	4.043	3.629	3.450	6.223	5.176	3.383	2.239	4.922	4.738	1.475	2.868	5.772	3.495	6.673	1.910	5.040	4.604	3.936	3.752	2.365	1.084	2.205	2.323	4.384	6.586	3.176	3.852	5.355	4.550	3.122	4.126	3.662	7.524	3.396	4.420	6.321	5.109	4.282	4.935	4.038	3.364	4.148	2.185	3.381	1.775	3.303	3.461	2.481	1.450	1.324	4.668	3.369	1.974	4.526	2.877	4.957	6.309	5.096	1.229	5.629	2.759	4.753	4.873	4.190	5.738	4.403	3.029	5.223	6.624	5.317	1.861	3.228	3.294	1.803	5.468	0.000	4.606	5.045	5.017	2.964	4.507	2.373	4.327	3.707	3.184	4.250	3.468	5.678	1.076	5.853	4.292	4.901	]
[4.850	7.441	7.924	1.312	8.642	5.319	6.727	2.646	4.302	2.265	5.194	8.409	5.725	7.908	3.257	3.206	0.801	3.637	2.459	1.655	4.092	2.676	3.313	6.991	2.902	8.427	3.050	2.664	4.820	6.811	6.532	1.321	2.873	6.650	5.338	3.443	5.049	5.915	0.775	7.297	4.307	1.545	2.309	2.762	3.966	4.447	4.778	7.940	7.797	0.841	2.488	7.503	3.762	6.013	7.951	7.011	5.290	5.867	4.256	7.299	3.120	1.374	6.921	7.832	4.587	8.117	5.795	4.574	4.755	3.667	2.181	7.524	1.145	8.070	7.634	3.998	3.791	3.010	6.094	7.468	7.800	3.080	6.968	4.606	0.000	5.465	5.051	3.925	4.913	3.013	8.769	6.347	2.822	2.577	5.134	5.499	4.406	3.284	2.799	4.201	]
[0.620	9.146	4.109	5.090	7.539	0.839	8.443	7.956	1.254	3.243	1.754	3.308	9.610	6.298	3.245	2.553	6.195	5.728	3.446	7.110	7.692	5.270	3.545	2.096	2.699	8.157	7.246	3.711	6.093	6.177	4.771	4.186	4.849	8.214	1.375	2.642	8.890	8.117	4.708	8.658	4.679	5.716	7.174	4.563	1.848	1.049	0.775	8.917	7.808	5.831	4.324	8.183	6.132	2.677	6.193	5.758	6.495	5.239	8.555	8.283	3.654	4.186	4.642	3.512	2.519	3.855	5.876	1.670	2.332	8.261	3.590	9.222	5.971	4.643	6.856	1.907	3.821	8.121	4.672	7.949	7.587	3.930	1.722	5.045	5.465	0.000	9.191	7.213	8.797	6.087	8.605	8.704	6.663	7.258	1.702	0.795	5.924	3.347	7.434	8.662	]
[8.616	4.217	9.606	6.351	7.708	8.649	3.868	3.230	7.952	6.298	8.022	11.132	0.748	7.742	5.965	7.741	4.394	3.686	5.816	4.616	1.556	7.680	5.700	9.836	7.369	6.791	2.078	5.484	4.134	6.343	7.226	6.050	7.920	4.013	8.366	8.103	0.563	3.037	5.369	4.519	9.356	3.799	2.787	7.812	8.345	8.183	8.752	5.266	6.167	4.225	4.870	5.342	3.300	8.208	7.897	6.984	4.172	6.054	0.799	4.925	5.562	6.173	7.813	9.956	9.290	10.109	5.378	8.988	7.326	1.471	6.967	4.271	5.816	9.382	6.841	8.422	8.779	2.584	6.797	5.529	6.387	5.294	10.134	5.017	5.051	9.191	0.000	2.086	0.539	3.113	6.898	2.958	2.570	2.482	8.008	9.568	3.960	8.170	2.262	0.942	]
[6.661	3.644	7.551	5.207	6.138	6.625	3.002	3.332	5.998	4.549	5.961	9.047	2.401	5.944	3.968	6.040	3.527	1.600	3.956	4.212	0.534	6.580	3.679	7.758	5.664	5.448	1.238	3.555	2.199	4.555	5.234	4.582	6.711	3.006	6.315	6.439	1.693	2.104	3.968	3.648	8.034	2.402	2.284	6.540	6.557	6.236	6.836	4.376	4.785	3.111	2.952	4.162	1.216	6.122	6.078	5.119	2.384	4.094	1.715	3.833	3.560	4.723	5.811	7.878	7.602	8.038	3.506	7.188	5.259	1.943	5.437	3.723	4.950	7.361	5.181	6.646	7.326	2.848	4.789	4.249	4.927	3.284	8.072	2.964	3.925	7.213	2.086	0.000	1.617	1.175	5.666	2.452	1.119	1.965	5.950	7.651	1.945	6.639	1.869	1.969	]
[8.233	3.783	9.091	6.224	7.179	8.230	3.386	3.363	7.569	5.989	7.577	10.653	0.845	7.203	5.558	7.454	4.312	3.211	5.465	4.659	1.107	7.575	5.280	9.373	7.080	6.279	1.869	5.106	3.604	5.804	6.698	5.828	7.786	3.517	7.929	7.830	0.140	2.531	5.160	4.046	9.196	3.564	2.737	7.659	8.029	7.803	8.386	4.799	5.649	4.074	4.493	4.840	2.817	7.725	7.359	6.446	3.634	5.523	0.863	4.430	5.151	5.957	7.286	9.456	9.012	9.603	4.842	8.670	6.876	1.558	6.732	3.843	5.758	8.858	6.306	8.111	8.576	2.728	6.273	5.018	5.863	4.879	9.689	4.507	4.913	8.797	0.539	1.617	0.000	2.711	6.398	2.503	2.268	2.406	7.565	9.203	3.443	7.941	2.197	1.127	]
[5.522	4.431	6.810	4.227	6.114	5.537	3.714	3.235	4.858	3.377	4.931	8.109	3.534	5.678	2.853	4.870	2.804	0.919	2.783	3.695	1.611	5.588	2.590	6.774	4.495	5.653	1.410	2.398	2.042	4.366	4.690	3.482	5.672	3.640	5.264	5.273	2.808	2.918	2.913	4.289	6.943	1.479	2.076	5.480	5.382	5.092	5.681	4.949	4.996	2.281	1.788	4.569	0.820	5.223	5.780	4.794	2.435	3.666	2.544	4.326	2.450	3.628	5.229	7.043	6.431	7.236	3.275	6.014	4.246	2.458	4.305	4.515	4.119	6.707	5.107	5.472	6.201	2.945	4.224	4.576	5.062	2.182	7.039	2.373	3.013	6.087	3.113	1.175	2.711	0.000	5.946	3.388	0.814	1.881	4.912	6.497	1.646	5.498	1.920	2.715	]
[8.379	2.960	5.910	9.766	1.581	7.767	3.051	8.984	7.932	7.941	6.852	8.238	6.550	2.695	6.487	9.145	8.722	5.155	7.187	9.640	5.983	10.993	6.186	7.646	8.857	0.449	6.887	6.689	3.958	2.442	3.886	8.701	10.913	2.886	7.235	9.569	6.339	3.867	8.391	2.453	11.815	7.352	7.878	10.647	9.198	8.142	8.759	1.812	0.975	8.162	6.482	1.558	5.126	6.059	2.886	2.888	3.515	3.461	7.061	1.975	6.279	8.845	4.204	6.697	10.401	6.599	3.106	9.624	6.357	7.528	9.193	2.951	9.914	5.301	1.777	9.317	10.896	8.514	3.933	1.419	1.057	6.127	8.278	4.327	8.769	8.605	6.898	5.666	6.398	5.946	0.000	3.996	6.558	7.591	6.907	9.363	4.374	10.125	7.522	7.362	]
[8.239	1.293	7.851	7.601	5.009	7.980	0.949	5.589	7.611	6.591	7.156	9.792	2.554	5.338	5.605	8.071	5.979	3.166	5.888	6.632	2.482	8.968	5.266	8.702	7.705	3.949	3.601	5.402	2.627	4.028	5.327	6.857	9.060	1.158	7.557	8.495	2.419	0.588	6.301	1.568	10.313	4.805	4.665	8.866	8.458	7.855	8.500	2.309	3.376	5.549	4.886	2.468	2.832	6.937	5.523	4.762	2.304	4.172	3.283	2.031	5.224	7.005	5.906	8.397	9.597	8.462	3.370	9.049	6.460	3.880	7.642	1.360	7.396	7.466	4.288	8.562	9.537	5.009	5.000	2.705	3.648	4.958	9.163	3.707	6.347	8.704	2.958	2.452	2.503	3.388	3.996	0.000	3.570	4.325	7.172	9.283	2.785	8.808	4.181	3.579	]
[6.076	4.742	7.611	4.117	6.839	6.172	4.073	2.478	5.415	3.731	5.626	8.848	3.113	6.461	3.486	5.188	2.409	1.717	3.254	3.144	1.292	5.490	3.261	7.491	4.814	6.296	0.621	2.954	2.761	5.127	5.503	3.586	5.644	4.049	5.939	5.563	2.388	3.197	2.936	4.699	7.004	1.336	1.332	5.488	5.777	5.640	6.194	5.406	5.632	1.997	2.346	5.113	1.527	5.987	6.569	5.584	3.097	4.467	1.892	4.824	3.099	3.720	6.043	7.822	6.745	8.023	4.037	6.420	4.960	1.684	4.477	4.822	3.831	7.518	5.843	5.855	6.341	2.142	5.037	5.158	5.729	2.850	7.720	3.184	2.822	6.663	2.570	1.119	2.268	0.814	6.558	3.570	0.000	1.091	5.601	7.009	2.391	5.686	1.109	2.011	]
[6.649	5.572	8.588	3.871	7.923	6.859	4.958	1.400	6.005	4.120	6.414	9.684	3.180	7.551	4.233	5.462	1.916	2.798	3.815	2.325	1.847	5.198	4.067	8.297	5.103	7.345	0.733	3.636	3.849	6.218	6.559	3.664	5.439	4.971	6.690	5.787	2.545	4.048	2.973	5.610	6.884	1.548	0.346	5.338	6.135	6.212	6.707	6.341	6.681	1.768	3.074	6.112	2.618	6.888	7.656	6.671	4.169	5.547	1.684	5.794	3.883	3.773	7.087	8.745	6.972	8.965	5.129	6.778	5.784	1.106	4.589	5.648	3.354	8.531	6.930	6.198	6.342	1.069	6.092	6.180	6.791	3.668	8.464	4.250	2.577	7.258	2.482	1.965	2.406	1.881	7.591	4.325	1.091	0.000	6.379	7.506	3.482	5.772	0.222	1.627	]
[1.526	7.520	3.039	5.182	5.883	0.871	6.835	7.316	1.324	2.925	0.080	3.333	8.340	4.669	2.145	3.082	5.736	4.379	2.725	6.766	6.463	5.776	2.340	1.924	3.009	6.459	6.216	2.757	4.544	4.476	3.103	4.056	5.449	6.596	0.385	3.381	7.643	6.585	4.364	7.009	5.709	4.917	6.370	5.143	2.711	1.435	1.936	7.236	6.106	5.257	3.306	6.496	4.786	1.191	4.581	4.077	4.908	3.542	7.453	6.612	2.508	4.116	3.045	2.749	3.786	3.062	4.201	2.918	0.715	7.272	3.816	7.593	5.922	3.412	5.166	2.820	4.768	7.353	2.976	6.256	5.886	2.751	2.127	3.468	5.134	1.702	8.008	5.950	7.565	4.912	6.907	7.172	5.601	6.379	0.000	2.458	4.433	4.105	6.523	7.605	]
[1.050	9.791	4.867	4.939	8.323	1.618	9.075	8.079	1.677	3.396	2.517	3.829	10.031	7.088	3.719	2.367	6.267	6.231	3.755	7.108	8.108	4.914	4.044	2.766	2.611	8.916	7.568	4.100	6.699	6.927	5.550	4.183	4.462	8.854	2.154	2.324	9.304	8.698	4.777	9.323	4.090	5.958	7.388	4.196	1.587	1.433	0.817	9.613	8.549	5.967	4.711	8.889	6.627	3.471	6.985	6.532	7.123	5.968	8.896	8.969	4.124	4.155	5.434	4.229	1.890	4.569	6.574	1.157	3.038	8.548	3.454	9.868	5.857	5.418	7.623	1.597	3.300	8.303	5.433	8.664	8.337	4.401	2.274	5.678	5.499	0.795	9.568	7.651	9.203	6.497	9.363	9.283	7.009	7.506	2.458	0.000	6.498	2.953	7.695	8.980	]
[5.454	3.429	5.648	5.471	4.468	5.217	2.680	4.864	4.827	3.986	4.425	7.293	4.101	4.082	2.842	5.413	4.355	0.783	3.239	5.308	2.464	6.764	2.499	6.087	5.063	4.053	2.889	2.727	0.416	2.736	3.290	4.501	6.754	2.509	4.816	5.846	3.482	2.200	4.091	3.098	7.851	2.982	3.708	6.517	5.729	5.072	5.718	3.635	3.407	3.790	2.314	3.118	0.865	4.367	4.199	3.221	0.892	2.156	3.660	2.967	2.479	4.650	3.869	6.032	6.897	6.167	1.647	6.301	3.718	3.821	5.152	3.512	5.549	5.427	3.463	5.837	7.004	4.521	2.848	3.064	3.444	2.227	6.487	1.076	4.406	5.924	3.960	1.945	3.443	1.646	4.374	2.785	2.391	3.482	4.433	6.498	0.000	6.246	3.482	3.909	]
[2.906	9.660	7.116	2.276	9.485	3.715	8.909	5.902	2.789	2.261	4.185	6.655	8.782	8.417	3.639	1.048	4.077	5.669	3.018	4.646	6.962	1.962	3.949	5.391	1.273	9.707	6.096	3.535	6.587	7.769	6.820	2.120	1.512	8.752	4.060	0.735	8.066	8.275	2.806	9.342	1.702	4.379	5.546	1.243	1.511	2.738	2.584	9.832	9.186	4.014	3.950	9.219	5.977	5.289	8.380	7.643	7.083	6.714	7.400	9.157	3.880	2.002	6.954	6.684	1.401	7.022	7.034	1.800	4.219	6.878	1.209	9.743	3.207	7.517	8.586	1.441	0.772	6.294	6.517	9.080	9.070	4.078	5.069	5.853	3.284	3.347	8.170	6.639	7.941	5.498	10.125	8.808	5.686	5.772	4.105	2.953	6.246	0.000	5.990	7.391	]
[6.827	5.438	8.680	4.092	7.899	7.021	4.840	1.464	6.180	4.315	6.556	9.818	2.963	7.561	4.379	5.669	2.133	2.826	3.989	2.501	1.699	5.418	4.200	8.437	5.309	7.288	0.635	3.791	3.836	6.215	6.609	3.880	5.660	4.864	6.840	5.998	2.337	3.926	3.189	5.497	7.106	1.738	0.540	5.560	6.337	6.390	6.894	6.234	6.623	1.989	3.218	6.029	2.617	7.003	7.671	6.688	4.134	5.575	1.463	5.701	4.021	3.990	7.145	8.855	7.184	9.069	5.129	6.981	5.917	0.889	4.805	5.513	3.567	8.607	6.912	6.401	6.562	1.039	6.143	6.108	6.744	3.797	8.617	4.292	2.799	7.434	2.262	1.869	2.197	1.920	7.522	4.181	1.109	0.222	6.523	7.695	3.482	5.990	0.000	1.406	]
[8.069	4.870	9.464	5.485	8.011	8.182	4.415	2.292	7.411	5.638	7.628	10.824	1.688	7.896	5.496	7.035	3.507	3.463	5.232	3.677	1.481	6.793	5.267	9.483	6.669	7.205	1.416	4.960	4.166	6.501	7.195	5.276	7.052	4.516	7.946	7.377	1.249	3.520	4.586	5.084	8.506	3.075	1.900	6.960	7.678	7.632	8.169	5.841	6.556	3.395	4.354	5.809	3.126	7.934	8.035	7.083	4.314	6.063	0.302	5.420	5.108	5.389	7.767	9.740	8.565	9.920	5.468	8.324	6.953	0.545	6.200	4.933	4.907	9.304	7.086	7.748	7.968	1.647	6.745	5.957	6.741	4.855	9.727	4.901	4.201	8.662	0.942	1.969	1.127	2.715	7.362	3.579	2.011	1.627	7.605	8.980	3.909	7.391	1.406	0.000	]
];